'*',    27,     1,    11,    12,     2,    31,     5,     5
'SPENVIS 4.6.10.3403          - 23-Jun-2022 16:35:47'
'PRJ_DEF', -1,'BA'
'PRJ_HDR', -1,'Bachelorarbeit'
'MOD_ABB', -1,'TRP'
'MIS_PLA',  1,    3,' '
'MIS_NTR',  1,    5,' '
'MIS_STA',  1,  27425.37500000,' '
'MIS_END',  1,  27789.37500000,' '
'MIS_DUR',  1, 3.640000E+02,'days'
'TRP_MOD', -1,'AP-8 MAX'
'TRP_OMN', 1,  1,' '
'ENERGY',  29,   0.10,   0.15,   0.20,   0.30,   0.40,   0.50,   0.60,   0.70,   1.00,   1.50,   2.00,   3.00,   4.00,   5.00,   6.00,   7.00,  10.00,  15.00,  20.00,  30.00,  40.00,  50.00,  60.00,  70.00, 100.00, 150.00, 200.00, 300.00, 400.00,'MeV'
'PS Annotation',  8,  1
'Mission start: 01/02/2025 09:00:00'
 0.05, 0.00, 0.00
'Mission end: 31/01/2026 09:00:00'
 0.95, 0.00, 1.00
'Nr. of segments:   5'
 0.05, 1.50, 0.00
'Duration: 364.00 days'
 0.95, 0.00, 1.00
'PS Annotation',  2,  0
'Trapped proton model: AP-8 MAX'
 0.05, 2.00, 0.00
'Time','years', 2,'Time'
'Flux','cm!u-2!n s!u-1!n', 29,'AP-8 MAX Flux >','ENERGY'
  2025.0860,  2025.3298,  2.2248E+00,  1.4916E+00,  1.0000E+00,  0.0000E+00,  0.0000E+00,  0.0000E+00,  0.0000E+00,  0.0000E+00,  0.0000E+00,  0.0000E+00,  0.0000E+00,  0.0000E+00,  0.0000E+00,  0.0000E+00,  0.0000E+00,  0.0000E+00,  0.0000E+00,  0.0000E+00,  0.0000E+00,  0.0000E+00,  0.0000E+00,  0.0000E+00,  0.0000E+00,  0.0000E+00,  0.0000E+00,  0.0000E+00,  0.0000E+00,  0.0000E+00,  0.0000E+00
  2025.3298,  2025.4969,  1.8287E+05,  1.1405E+05,  7.1130E+04,  3.4245E+04,  1.6487E+04,  1.1415E+04,  8.1645E+03,  6.2291E+03,  2.7823E+03,  1.3850E+03,  9.5876E+02,  5.7854E+02,  3.4911E+02,  2.5217E+02,  1.8215E+02,  1.4072E+02,  1.1545E+02,  1.0329E+02,  9.1202E+01,  7.4627E+01,  6.4368E+01,  5.7949E+01,  5.0516E+01,  4.2820E+01,  2.3997E+01,  7.6198E+00,  2.4196E+00,  1.2502E+00,  0.0000E+00
  2025.4969,  2025.6668,  3.0926E+04,  1.9209E+04,  1.1931E+04,  5.8186E+03,  2.8376E+03,  1.7656E+03,  1.0986E+03,  9.6211E+02,  9.5422E+02,  9.5105E+02,  9.4788E+02,  9.3891E+02,  9.3002E+02,  9.2384E+02,  9.1769E+02,  9.1246E+02,  8.9567E+02,  8.7315E+02,  8.5896E+02,  8.0698E+02,  7.6688E+02,  7.2877E+02,  6.8904E+02,  6.5196E+02,  5.4730E+02,  3.8503E+02,  2.7087E+02,  1.1476E+02,  4.8619E+01
  2025.6668,  2025.7490,  3.2702E+06,  2.0501E+06,  1.2852E+06,  6.6557E+05,  3.4468E+05,  2.4304E+05,  1.7597E+05,  1.3075E+05,  6.7350E+04,  3.9235E+04,  2.6015E+04,  2.1889E+04,  2.1469E+04,  2.0856E+04,  2.0260E+04,  1.9633E+04,  1.7856E+04,  1.4844E+04,  1.3431E+04,  1.1496E+04,  1.0310E+04,  9.2463E+03,  8.3547E+03,  7.5512E+03,  5.6441E+03,  3.5028E+03,  2.1739E+03,  8.8442E+02,  3.6019E+02
  2025.7490,  2026.0832,  5.5551E+06,  3.7367E+06,  2.5136E+06,  1.4037E+06,  8.1855E+05,  5.8133E+05,  4.1286E+05,  3.1818E+05,  1.9564E+05,  1.2444E+05,  1.1442E+05,  1.0737E+05,  1.0196E+05,  9.6356E+04,  9.1191E+04,  8.3587E+04,  6.6644E+04,  4.7961E+04,  3.8295E+04,  2.9810E+04,  2.5737E+04,  2.2220E+04,  1.9775E+04,  1.7722E+04,  1.2731E+04,  7.4668E+03,  4.3793E+03,  1.7051E+03,  6.6440E+02
'End of Block'
'*',    27,     1,    11,    12,     2,    32,     5,     4
'SPENVIS 4.6.10.3403          - 23-Jun-2022 16:35:47'
'PRJ_DEF', -1,'BA'
'PRJ_HDR', -1,'Bachelorarbeit'
'MOD_ABB', -1,'TRP'
'MIS_PLA',  1,    3,' '
'MIS_NTR',  1,    5,' '
'MIS_STA',  1,  27425.37500000,' '
'MIS_END',  1,  27789.37500000,' '
'MIS_DUR',  1, 3.640000E+02,'days'
'TRP_MOD', -1,'AE-8 MAX'
'TRP_OMN', 1,  1,' '
'ENERGY',  30,   0.04,   0.10,   0.20,   0.30,   0.40,   0.50,   0.60,   0.70,   0.80,   1.00,   1.25,   1.50,   1.75,   2.00,   2.25,   2.50,   2.75,   3.00,   3.25,   3.50,   3.75,   4.00,   4.25,   4.50,   4.75,   5.00,   5.50,   6.00,   6.50,   7.00,'MeV'
'PS Annotation',  8,  1
'Mission start: 01/02/2025 09:00:00'
 0.05, 0.00, 0.00
'Mission end: 31/01/2026 09:00:00'
 0.95, 0.00, 1.00
'Nr. of segments:   5'
 0.05, 1.50, 0.00
'Duration: 364.00 days'
 0.95, 0.00, 1.00
'PS Annotation',  2,  0
'Trapped electron model: AE-8 MAX'
 0.05, 2.00, 0.00
'Time','years', 2,'Time'
'Flux','cm!u-2!n s!u-1!n', 30,'AE-8 MAX Flux >','ENERGY'
  2025.0860,  2025.3298,  5.6346E+05,  3.4733E+05,  1.8784E+05,  1.2266E+05,  8.8521E+04,  6.3881E+04,  5.0537E+04,  3.9980E+04,  3.2378E+04,  2.2986E+04,  1.6718E+04,  1.2159E+04,  8.2359E+03,  5.5785E+03,  3.9503E+03,  2.7973E+03,  1.8034E+03,  1.1626E+03,  7.2963E+02,  4.5790E+02,  2.6441E+02,  1.5268E+02,  8.0987E+01,  4.2958E+01,  2.1982E+01,  1.4479E+01,  3.9129E+00,  0.0000E+00,  0.0000E+00,  0.0000E+00
  2025.3298,  2025.4969,  2.3207E+06,  1.2291E+06,  6.8160E+05,  4.4532E+05,  3.2266E+05,  2.3379E+05,  1.8418E+05,  1.4570E+05,  1.1943E+05,  8.5863E+04,  5.9305E+04,  4.0962E+04,  2.8384E+04,  1.9668E+04,  1.4001E+04,  9.9669E+03,  6.1556E+03,  3.8018E+03,  2.3098E+03,  1.4034E+03,  8.3037E+02,  5.3431E+02,  3.1672E+02,  1.8775E+02,  1.1230E+02,  6.7163E+01,  1.6701E+01,  3.7199E+00,  0.0000E+00,  0.0000E+00
  2025.4969,  2025.6668,  2.4235E+06,  1.5458E+06,  6.2931E+05,  3.8346E+05,  2.7815E+05,  2.0246E+05,  1.6017E+05,  1.2672E+05,  1.0368E+05,  7.4223E+04,  5.1357E+04,  3.5535E+04,  2.4403E+04,  1.6758E+04,  1.1820E+04,  8.3366E+03,  5.0828E+03,  3.0990E+03,  1.8818E+03,  1.1427E+03,  6.2716E+02,  3.8714E+02,  2.3517E+02,  1.4286E+02,  9.2967E+01,  6.0490E+01,  1.6078E+01,  3.8071E+00,  0.0000E+00,  0.0000E+00
  2025.6668,  2025.7490,  6.5861E+07,  4.8142E+07,  2.3210E+07,  1.0071E+07,  3.8812E+06,  1.5024E+06,  1.0102E+06,  6.7928E+05,  4.8145E+05,  2.6872E+05,  1.6346E+05,  9.9434E+04,  6.5518E+04,  4.3170E+04,  2.9516E+04,  2.0181E+04,  1.1266E+04,  7.4153E+03,  4.7073E+03,  2.9883E+03,  1.7474E+03,  1.0218E+03,  5.4502E+02,  3.2585E+02,  2.0679E+02,  1.3122E+02,  3.4159E+01,  7.9001E+00,  0.0000E+00,  0.0000E+00
  2025.7490,  2026.0832,  1.4101E+08,  1.0418E+08,  5.0739E+07,  2.2029E+07,  8.5265E+06,  3.3002E+06,  2.2342E+06,  1.5126E+06,  1.0813E+06,  6.1601E+05,  3.9279E+05,  2.5045E+05,  1.6850E+05,  1.1336E+05,  7.8704E+04,  5.4643E+04,  2.0966E+04,  9.5553E+03,  5.9628E+03,  3.7483E+03,  2.3183E+03,  1.4338E+03,  8.1728E+02,  4.6584E+02,  2.7860E+02,  1.8391E+02,  5.0292E+01,  1.2160E+01,  2.5994E+00,  0.0000E+00
'End of Block'