'*',    13,     1,     6,     3,     2,     2,    99,     4
'SPENVIS 4.6.9.3249           - 30-Jun-2022 13:42:20'
'PRJ_DEF', -1,'BA'
'PRJ_HDR', -1,'Bachelorarbeit'
'MOD_ABB', -1,'MLET'
'MLET_IEL',  1,  1,' '
'MLET_JEL',  1, 92,' '
'PLT_HDR', -1,'Mean LET spectrum'
'PS Annotation',  2,  0
'Number of energy points: 99'
 0.05, 2.00, 0.00
'Energy','MeV/n', 1,'Energy'
'LET','MeV cm!u2!n g!u-1!n', 1,'LET(Si  )'
  1.0000E-01,  5.0877E+02
  3.0000E-01,  3.3798E+02
  5.0000E-01,  2.6232E+02
  7.0000E-01,  2.1940E+02
  1.0000E+00,  1.8005E+02
  1.1000E+00,  1.7053E+02
  1.2000E+00,  1.6100E+02
  1.4000E+00,  1.4673E+02
  1.6000E+00,  1.3473E+02
  1.8000E+00,  1.2502E+02
  2.0000E+00,  1.1530E+02
  2.2000E+00,  1.0873E+02
  2.5000E+00,  9.8858E+01
  2.8000E+00,  9.1718E+01
  3.2000E+00,  8.3710E+01
  3.5000E+00,  7.8836E+01
  4.0000E+00,  7.0716E+01
  4.5000E+00,  6.5369E+01
  5.0000E+00,  6.0021E+01
  5.5000E+00,  5.6202E+01
  6.3000E+00,  5.0656E+01
  7.1000E+00,  4.6169E+01
  8.0000E+00,  4.2106E+01
  9.0000E+00,  3.8770E+01
  1.0000E+01,  3.5442E+01
  1.1000E+01,  3.3081E+01
  1.2000E+01,  3.0725E+01
  1.4000E+01,  2.7417E+01
  1.6000E+01,  2.4713E+01
  1.8000E+01,  2.2606E+01
  2.0000E+01,  2.0510E+01
  2.2000E+01,  1.9167E+01
  2.5000E+01,  1.7165E+01
  2.8000E+01,  1.5772E+01
  3.2000E+01,  1.4239E+01
  3.5000E+01,  1.3332E+01
  4.0000E+01,  1.1826E+01
  4.5000E+01,  1.0874E+01
  5.0000E+01,  9.9249E+00
  5.5000E+01,  9.2706E+00
  6.3000E+01,  8.3302E+00
  7.1000E+01,  7.5873E+00
  8.0000E+01,  6.9271E+00
  9.0000E+01,  6.3993E+00
  1.0000E+02,  5.8722E+00
  1.1000E+02,  5.5107E+00
  1.2000E+02,  5.1495E+00
  1.4000E+02,  4.6567E+00
  1.6000E+02,  4.2586E+00
  1.8000E+02,  3.9547E+00
  2.0000E+02,  3.6519E+00
  2.2000E+02,  3.4668E+00
  2.5000E+02,  3.1899E+00
  2.8000E+02,  3.0035E+00
  3.2000E+02,  2.8044E+00
  3.5000E+02,  2.6921E+00
  4.0000E+02,  2.5073E+00
  4.5000E+02,  2.4062E+00
  5.0000E+02,  5.3711E+00
  5.5000E+02,  5.1002E+00
  6.3000E+02,  4.7465E+00
  7.1000E+02,  4.5360E+00
  8.0000E+02,  4.3815E+00
  9.0000E+02,  4.2177E+00
  1.0000E+03,  4.0526E+00
  1.1000E+03,  3.9438E+00
  1.2000E+03,  3.8553E+00
  1.4000E+03,  3.7429E+00
  1.6000E+03,  3.6533E+00
  1.8000E+03,  3.5891E+00
  2.0000E+03,  3.5287E+00
  2.2000E+03,  3.5088E+00
  2.5000E+03,  3.4809E+00
  2.8000E+03,  3.4651E+00
  3.2000E+03,  3.4870E+00
  3.5000E+03,  3.5124E+00
  4.0000E+03,  3.5263E+00
  4.5000E+03,  3.5349E+00
  5.0000E+03,  3.5294E+00
  5.5000E+03,  3.4871E+00
  6.3000E+03,  3.4209E+00
  7.1000E+03,  3.3443E+00
  8.0000E+03,  3.2438E+00
  9.0000E+03,  3.1663E+00
  1.0000E+04,  3.1088E+00
  1.1000E+04,  3.0671E+00
  1.2000E+04,  3.0360E+00
  1.4000E+04,  2.9887E+00
  1.6000E+04,  2.9582E+00
  1.8000E+04,  2.9388E+00
  2.0000E+04,  2.9254E+00
  3.0000E+04,  2.8971E+00
  4.0000E+04,  2.8892E+00
  5.0000E+04,  2.8874E+00
  6.0000E+04,  2.8874E+00
  7.0000E+04,  2.8881E+00
  8.0000E+04,  2.8891E+00
  9.0000E+04,  2.8903E+00
  1.0000E+05,  0.0000E+00
'End of Block'
'*',    13,     1,     6,     3,     2,     2,    99,     3
'SPENVIS 4.6.9.3249           - 30-Jun-2022 13:42:20'
'PRJ_DEF', -1,'BA'
'PRJ_HDR', -1,'Bachelorarbeit'
'MOD_ABB', -1,'MLET'
'MLET_IEL',  1,  1,' '
'MLET_JEL',  1, 92,' '
'PLT_HDR', -1,'Mean LET spectrum'
'PS Annotation',  2,  0
'Number of energy points: 99'
 0.05, 2.00, 0.00
'Energy','MeV/n', 1,'Energy'
'LET','MeV cm!u2!n g!u-1!n', 1,'LET(Si  )'
  1.0000E-01,  5.0877E+02
  3.0000E-01,  3.3798E+02
  5.0000E-01,  2.6232E+02
  7.0000E-01,  2.1940E+02
  1.0000E+00,  1.8005E+02
  1.1000E+00,  1.7053E+02
  1.2000E+00,  1.6100E+02
  1.4000E+00,  1.4673E+02
  1.6000E+00,  1.3473E+02
  1.8000E+00,  1.2502E+02
  2.0000E+00,  1.1530E+02
  2.2000E+00,  1.0872E+02
  2.5000E+00,  9.8857E+01
  2.8000E+00,  9.1718E+01
  3.2000E+00,  8.3710E+01
  3.5000E+00,  7.8836E+01
  4.0000E+00,  7.0715E+01
  4.5000E+00,  6.5369E+01
  5.0000E+00,  6.0021E+01
  5.5000E+00,  5.6202E+01
  6.3000E+00,  5.0656E+01
  7.1000E+00,  4.6169E+01
  8.0000E+00,  4.2106E+01
  9.0000E+00,  3.8770E+01
  1.0000E+01,  3.5442E+01
  1.1000E+01,  3.3081E+01
  1.2000E+01,  3.0725E+01
  1.4000E+01,  2.7417E+01
  1.6000E+01,  2.4713E+01
  1.8000E+01,  2.2606E+01
  2.0000E+01,  2.0510E+01
  2.2000E+01,  1.9167E+01
  2.5000E+01,  1.7166E+01
  2.8000E+01,  1.5773E+01
  3.2000E+01,  1.4240E+01
  3.5000E+01,  1.3333E+01
  4.0000E+01,  1.1827E+01
  4.5000E+01,  1.0876E+01
  5.0000E+01,  9.9272E+00
  5.5000E+01,  9.2731E+00
  6.3000E+01,  8.3320E+00
  7.1000E+01,  7.5883E+00
  8.0000E+01,  6.9274E+00
  9.0000E+01,  6.3996E+00
  1.0000E+02,  5.8727E+00
  1.1000E+02,  5.5114E+00
  1.2000E+02,  5.1504E+00
  1.4000E+02,  4.6574E+00
  1.6000E+02,  4.2588E+00
  1.8000E+02,  3.9543E+00
  2.0000E+02,  3.6512E+00
  2.2000E+02,  3.4659E+00
  2.5000E+02,  3.1894E+00
  2.8000E+02,  3.0038E+00
  3.2000E+02,  2.8049E+00
  3.5000E+02,  2.6924E+00
  4.0000E+02,  2.5071E+00
  4.5000E+02,  2.4049E+00
  5.0000E+02,  5.3161E+00
  5.5000E+02,  5.1025E+00
  6.3000E+02,  4.7963E+00
  7.1000E+02,  4.5440E+00
  8.0000E+02,  4.3469E+00
  9.0000E+02,  4.2003E+00
  1.0000E+03,  4.0634E+00
  1.1000E+03,  3.9582E+00
  1.2000E+03,  3.8646E+00
  1.4000E+03,  3.7365E+00
  1.6000E+03,  3.6576E+00
  1.8000E+03,  3.5925E+00
  2.0000E+03,  3.5427E+00
  2.2000E+03,  3.5225E+00
  2.5000E+03,  3.4889E+00
  2.8000E+03,  3.4979E+00
  3.2000E+03,  3.5106E+00
  3.5000E+03,  3.5176E+00
  4.0000E+03,  3.5287E+00
  4.5000E+03,  3.5254E+00
  5.0000E+03,  3.5102E+00
  5.5000E+03,  3.4681E+00
  6.3000E+03,  3.3858E+00
  7.1000E+03,  3.2980E+00
  8.0000E+03,  3.2161E+00
  9.0000E+03,  3.1431E+00
  1.0000E+04,  3.0927E+00
  1.1000E+04,  3.0537E+00
  1.2000E+04,  3.0232E+00
  1.4000E+04,  2.9811E+00
  1.6000E+04,  2.9528E+00
  1.8000E+04,  2.9354E+00
  2.0000E+04,  2.9225E+00
  3.0000E+04,  2.8963E+00
  4.0000E+04,  2.8892E+00
  5.0000E+04,  2.8874E+00
  6.0000E+04,  2.8874E+00
  7.0000E+04,  2.8881E+00
  8.0000E+04,  2.8891E+00
  9.0000E+04,  2.8903E+00
  1.0000E+05,  0.0000E+00
'End of Block'
'*',    13,     1,     6,     3,     2,     2,    99,     2
'SPENVIS 4.6.9.3249           - 30-Jun-2022 13:42:20'
'PRJ_DEF', -1,'BA'
'PRJ_HDR', -1,'Bachelorarbeit'
'MOD_ABB', -1,'MLET'
'MLET_IEL',  1,  1,' '
'MLET_JEL',  1, 92,' '
'PLT_HDR', -1,'Mean LET spectrum'
'PS Annotation',  2,  0
'Number of energy points: 99'
 0.05, 2.00, 0.00
'Energy','MeV/n', 1,'Energy'
'LET','MeV cm!u2!n g!u-1!n', 1,'LET(Si  )'
  1.0000E-01,  5.0876E+02
  3.0000E-01,  3.3798E+02
  5.0000E-01,  2.6232E+02
  7.0000E-01,  2.1940E+02
  1.0000E+00,  1.8005E+02
  1.1000E+00,  1.7053E+02
  1.2000E+00,  1.6100E+02
  1.4000E+00,  1.4673E+02
  1.6000E+00,  1.3473E+02
  1.8000E+00,  1.2502E+02
  2.0000E+00,  1.1530E+02
  2.2000E+00,  1.0872E+02
  2.5000E+00,  9.8857E+01
  2.8000E+00,  9.1718E+01
  3.2000E+00,  8.3709E+01
  3.5000E+00,  7.8835E+01
  4.0000E+00,  7.0715E+01
  4.5000E+00,  6.5368E+01
  5.0000E+00,  6.0021E+01
  5.5000E+00,  5.6202E+01
  6.3000E+00,  5.0655E+01
  7.1000E+00,  4.6169E+01
  8.0000E+00,  4.2106E+01
  9.0000E+00,  3.8770E+01
  1.0000E+01,  3.5442E+01
  1.1000E+01,  3.3080E+01
  1.2000E+01,  3.0725E+01
  1.4000E+01,  2.7417E+01
  1.6000E+01,  2.4713E+01
  1.8000E+01,  2.2606E+01
  2.0000E+01,  2.0510E+01
  2.2000E+01,  1.9167E+01
  2.5000E+01,  1.7166E+01
  2.8000E+01,  1.5773E+01
  3.2000E+01,  1.4240E+01
  3.5000E+01,  1.3333E+01
  4.0000E+01,  1.1828E+01
  4.5000E+01,  1.0877E+01
  5.0000E+01,  9.9284E+00
  5.5000E+01,  9.2741E+00
  6.3000E+01,  8.3327E+00
  7.1000E+01,  7.5883E+00
  8.0000E+01,  6.9267E+00
  9.0000E+01,  6.3986E+00
  1.0000E+02,  5.8717E+00
  1.1000E+02,  5.5102E+00
  1.2000E+02,  5.1487E+00
  1.4000E+02,  4.6546E+00
  1.6000E+02,  4.2550E+00
  1.8000E+02,  3.9496E+00
  2.0000E+02,  3.6455E+00
  2.2000E+02,  3.4592E+00
  2.5000E+02,  3.1813E+00
  2.8000E+02,  2.9945E+00
  3.2000E+02,  2.7944E+00
  3.5000E+02,  2.6811E+00
  4.0000E+02,  2.5074E+00
  4.5000E+02,  2.4056E+00
  5.0000E+02,  5.3417E+00
  5.5000E+02,  5.1187E+00
  6.3000E+02,  4.8297E+00
  7.1000E+02,  4.5912E+00
  8.0000E+02,  4.3735E+00
  9.0000E+02,  4.2230E+00
  1.0000E+03,  4.0773E+00
  1.1000E+03,  3.9905E+00
  1.2000E+03,  3.8939E+00
  1.4000E+03,  3.7671E+00
  1.6000E+03,  3.6855E+00
  1.8000E+03,  3.6230E+00
  2.0000E+03,  3.5776E+00
  2.2000E+03,  3.5628E+00
  2.5000E+03,  3.5436E+00
  2.8000E+03,  3.5479E+00
  3.2000E+03,  3.5432E+00
  3.5000E+03,  3.5381E+00
  4.0000E+03,  3.5295E+00
  4.5000E+03,  3.5087E+00
  5.0000E+03,  3.4836E+00
  5.5000E+03,  3.4209E+00
  6.3000E+03,  3.3208E+00
  7.1000E+03,  3.2452E+00
  8.0000E+03,  3.1725E+00
  9.0000E+03,  3.1112E+00
  1.0000E+04,  3.0658E+00
  1.1000E+04,  3.0308E+00
  1.2000E+04,  3.0048E+00
  1.4000E+04,  2.9687E+00
  1.6000E+04,  2.9448E+00
  1.8000E+04,  2.9290E+00
  2.0000E+04,  2.9183E+00
  3.0000E+04,  2.8952E+00
  4.0000E+04,  2.8890E+00
  5.0000E+04,  2.8874E+00
  6.0000E+04,  2.8874E+00
  7.0000E+04,  2.8880E+00
  8.0000E+04,  2.8891E+00
  9.0000E+04,  2.8903E+00
  1.0000E+05,  0.0000E+00
'End of Block'
'*',    13,     1,     6,     3,     2,     2,    99,     1
'SPENVIS 4.6.9.3249           - 30-Jun-2022 13:42:20'
'PRJ_DEF', -1,'BA'
'PRJ_HDR', -1,'Bachelorarbeit'
'MOD_ABB', -1,'MLET'
'MLET_IEL',  1,  1,' '
'MLET_JEL',  1, 92,' '
'PLT_HDR', -1,'Mean LET spectrum'
'PS Annotation',  2,  0
'Number of energy points: 99'
 0.05, 2.00, 0.00
'Energy','MeV/n', 1,'Energy'
'LET','MeV cm!u2!n g!u-1!n', 1,'LET(Si  )'
  1.0000E-01,  5.0827E+02
  3.0000E-01,  3.3760E+02
  5.0000E-01,  2.6202E+02
  7.0000E-01,  2.1915E+02
  1.0000E+00,  1.7986E+02
  1.1000E+00,  1.7034E+02
  1.2000E+00,  1.6083E+02
  1.4000E+00,  1.4657E+02
  1.6000E+00,  1.3459E+02
  1.8000E+00,  1.2488E+02
  2.0000E+00,  1.1518E+02
  2.2000E+00,  1.0860E+02
  2.5000E+00,  9.8749E+01
  2.8000E+00,  9.1618E+01
  3.2000E+00,  8.3619E+01
  3.5000E+00,  7.8752E+01
  4.0000E+00,  7.0641E+01
  4.5000E+00,  6.5301E+01
  5.0000E+00,  5.9959E+01
  5.5000E+00,  5.6144E+01
  6.3000E+00,  5.0604E+01
  7.1000E+00,  4.6122E+01
  8.0000E+00,  4.2063E+01
  9.0000E+00,  3.8731E+01
  1.0000E+01,  3.5407E+01
  1.1000E+01,  3.3048E+01
  1.2000E+01,  3.0695E+01
  1.4000E+01,  2.7391E+01
  1.6000E+01,  2.4691E+01
  1.8000E+01,  2.2586E+01
  2.0000E+01,  2.0493E+01
  2.2000E+01,  1.9152E+01
  2.5000E+01,  1.7152E+01
  2.8000E+01,  1.5760E+01
  3.2000E+01,  1.4229E+01
  3.5000E+01,  1.3323E+01
  4.0000E+01,  1.1820E+01
  4.5000E+01,  1.0867E+01
  5.0000E+01,  9.9182E+00
  5.5000E+01,  9.2627E+00
  6.3000E+01,  8.3200E+00
  7.1000E+01,  7.5747E+00
  8.0000E+01,  6.9122E+00
  9.0000E+01,  6.3822E+00
  1.0000E+02,  5.8537E+00
  1.1000E+02,  5.4907E+00
  1.2000E+02,  5.1287E+00
  1.4000E+02,  4.6345E+00
  1.6000E+02,  4.2354E+00
  1.8000E+02,  3.9312E+00
  2.0000E+02,  3.6282E+00
  2.2000E+02,  3.4425E+00
  2.5000E+02,  3.1648E+00
  2.8000E+02,  2.9780E+00
  3.2000E+02,  2.7765E+00
  3.5000E+02,  2.6612E+00
  4.0000E+02,  2.5105E+00
  4.5000E+02,  2.4086E+00
  5.0000E+02,  5.4488E+00
  5.5000E+02,  5.2220E+00
  6.3000E+02,  4.9303E+00
  7.1000E+02,  4.6840E+00
  8.0000E+02,  4.4686E+00
  9.0000E+02,  4.3068E+00
  1.0000E+03,  4.1592E+00
  1.1000E+03,  4.0652E+00
  1.2000E+03,  3.9640E+00
  1.4000E+03,  3.8436E+00
  1.6000E+03,  3.7574E+00
  1.8000E+03,  3.7059E+00
  2.0000E+03,  3.6743E+00
  2.2000E+03,  3.6609E+00
  2.5000E+03,  3.6350E+00
  2.8000E+03,  3.6186E+00
  3.2000E+03,  3.5908E+00
  3.5000E+03,  3.5705E+00
  4.0000E+03,  3.5384E+00
  4.5000E+03,  3.4957E+00
  5.0000E+03,  3.4384E+00
  5.5000E+03,  3.3635E+00
  6.3000E+03,  3.2738E+00
  7.1000E+03,  3.2039E+00
  8.0000E+03,  3.1405E+00
  9.0000E+03,  3.0839E+00
  1.0000E+04,  3.0431E+00
  1.1000E+04,  3.0135E+00
  1.2000E+04,  2.9910E+00
  1.4000E+04,  2.9593E+00
  1.6000E+04,  2.9379E+00
  1.8000E+04,  2.9246E+00
  2.0000E+04,  2.9152E+00
  3.0000E+04,  2.8943E+00
  4.0000E+04,  2.8888E+00
  5.0000E+04,  2.8874E+00
  6.0000E+04,  2.8874E+00
  7.0000E+04,  2.8881E+00
  8.0000E+04,  2.8891E+00
  9.0000E+04,  2.8903E+00
  1.0000E+05,  0.0000E+00
'End of Block'
'*',    13,     1,     6,     3,     2,     2,    99,     0
'SPENVIS 4.6.9.3249           - 30-Jun-2022 13:42:20'
'PRJ_DEF', -1,'BA'
'PRJ_HDR', -1,'Bachelorarbeit'
'MOD_ABB', -1,'MLET'
'MLET_IEL',  1,  1,' '
'MLET_JEL',  1, 92,' '
'PLT_HDR', -1,'Mean LET spectrum'
'PS Annotation',  2,  0
'Number of energy points: 99'
 0.05, 2.00, 0.00
'Energy','MeV/n', 1,'Energy'
'LET','MeV cm!u2!n g!u-1!n', 1,'LET(Si  )'
  1.0000E-01,  5.0621E+02
  3.0000E-01,  3.3604E+02
  5.0000E-01,  2.6080E+02
  7.0000E-01,  2.1814E+02
  1.0000E+00,  1.7904E+02
  1.1000E+00,  1.6956E+02
  1.2000E+00,  1.6009E+02
  1.4000E+00,  1.4590E+02
  1.6000E+00,  1.3397E+02
  1.8000E+00,  1.2431E+02
  2.0000E+00,  1.1465E+02
  2.2000E+00,  1.0811E+02
  2.5000E+00,  9.8305E+01
  2.8000E+00,  9.1210E+01
  3.2000E+00,  8.3252E+01
  3.5000E+00,  7.8409E+01
  4.0000E+00,  7.0340E+01
  4.5000E+00,  6.5028E+01
  5.0000E+00,  5.9713E+01
  5.5000E+00,  5.5915E+01
  6.3000E+00,  5.0399E+01
  7.1000E+00,  4.5938E+01
  8.0000E+00,  4.1899E+01
  9.0000E+00,  3.8582E+01
  1.0000E+01,  3.5274E+01
  1.1000E+01,  3.2927E+01
  1.2000E+01,  3.0587E+01
  1.4000E+01,  2.7301E+01
  1.6000E+01,  2.4616E+01
  1.8000E+01,  2.2526E+01
  2.0000E+01,  2.0445E+01
  2.2000E+01,  1.9112E+01
  2.5000E+01,  1.7118E+01
  2.8000E+01,  1.5730E+01
  3.2000E+01,  1.4204E+01
  3.5000E+01,  1.3300E+01
  4.0000E+01,  1.1797E+01
  4.5000E+01,  1.0846E+01
  5.0000E+01,  9.8995E+00
  5.5000E+01,  9.2464E+00
  6.3000E+01,  8.3047E+00
  7.1000E+01,  7.5599E+00
  8.0000E+01,  6.8982E+00
  9.0000E+01,  6.3696E+00
  1.0000E+02,  5.8425E+00
  1.1000E+02,  5.4807E+00
  1.2000E+02,  5.1197E+00
  1.4000E+02,  4.6273E+00
  1.6000E+02,  4.2298E+00
  1.8000E+02,  3.9268E+00
  2.0000E+02,  3.6245E+00
  2.2000E+02,  3.4392E+00
  2.5000E+02,  3.1621E+00
  2.8000E+02,  2.9754E+00
  3.2000E+02,  2.7738E+00
  3.5000E+02,  2.6581E+00
  4.0000E+02,  2.5110E+00
  4.5000E+02,  2.4098E+00
  5.0000E+02,  5.5196E+00
  5.5000E+02,  5.2832E+00
  6.3000E+02,  4.9598E+00
  7.1000E+02,  4.7334E+00
  8.0000E+02,  4.5080E+00
  9.0000E+02,  4.3556E+00
  1.0000E+03,  4.2016E+00
  1.1000E+03,  4.1034E+00
  1.2000E+03,  4.0085E+00
  1.4000E+03,  3.8904E+00
  1.6000E+03,  3.8146E+00
  1.8000E+03,  3.7781E+00
  2.0000E+03,  3.7430E+00
  2.2000E+03,  3.7251E+00
  2.5000E+03,  3.6760E+00
  2.8000E+03,  3.6438E+00
  3.2000E+03,  3.5966E+00
  3.5000E+03,  3.5682E+00
  4.0000E+03,  3.5132E+00
  4.5000E+03,  3.4408E+00
  5.0000E+03,  3.3839E+00
  5.5000E+03,  3.3185E+00
  6.3000E+03,  3.2365E+00
  7.1000E+03,  3.1757E+00
  8.0000E+03,  3.1169E+00
  9.0000E+03,  3.0650E+00
  1.0000E+04,  3.0297E+00
  1.1000E+04,  3.0029E+00
  1.2000E+04,  2.9824E+00
  1.4000E+04,  2.9535E+00
  1.6000E+04,  2.9346E+00
  1.8000E+04,  2.9224E+00
  2.0000E+04,  2.9135E+00
  3.0000E+04,  2.8941E+00
  4.0000E+04,  2.8889E+00
  5.0000E+04,  2.8874E+00
  6.0000E+04,  2.8874E+00
  7.0000E+04,  2.8880E+00
  8.0000E+04,  2.8891E+00
  9.0000E+04,  2.8903E+00
  1.0000E+05,  0.0000E+00
'End of File'
